4
-43 -1 -31 7 21 99 -51 71
16
55
-40 1
-42 1
6
65 -57 100 73 60 83 55 83 -35 13 -40 -62
23
87
80 78
23 -9
9
78 -7 4 75 -34 93 -74 93 -74 73 -48 5 -30 -35 40 -63 86 -31
47
77
-48 5
40 11
9
-84 -27 -14 -73 24 -97 56 -51 68 -5 -8 57 -48 73 -74 17 -82 -11
62
84
-14 -73
-5 -66
6
95 22 65 78 -83 -1 -83 -53 -68 -62 -9 -82
9
67
-73 -59
50 24
9
28 87 -35 42 -53 15 -62 -3 -62 -12 -44 -30 10 -57 28 -48 64 -12
23
32
-48 -26
13 -1
7
21 71 -3 65 -93 11 -87 -43 -51 -61 9 -67 57 -31
49
51
21 71
-25 27
6
-31 -53 46 -25 46 10 18 73 -3 94 -38 66
85
89
-38 66
-11 -20
4
83 -84 18 46 -87 26 3 -99
55
94
-24 38
-2 -15
7
65 59 41 59 -23 51 -63 -29 -47 -37 57 -29 89 27
4
97
64 59
33 29
3
46 86 82 12 74 70
67
90
46 86
72 50
8
32 55 -37 -17 -34 -32 -10 -74 29 -65 92 -41 86 55 74 79
50
88
92 -41
33 -30
5
16 88 -56 4 52 -2 76 58 40 94
47
73
34 -1
9 57
4
44 -23 8 19 -64 55 50 -77
66
94
50 -77
4 -5
9
-52 11 -80 -61 96 11 100 15 96 51 92 67 60 95 16 99 0 87
26
62
0 87
84 72
8
-9 -32 63 -28 92 47 -49 80 -68 66 -89 49 -91 24 -72 10
29
63
-60 2
25 -15
10
81 -21 84 0 78 21 66 39 12 72 -45 45 -54 39 -69 -21 -69 -66 39 -99
98
100
-69 -39
5 68
9
27 71 19 79 -29 95 -85 55 -69 15 -21 -17 19 -41 83 -41 59 31
3
100
-23 93
-24 7
7
-53 -56 25 -62 43 -44 73 10 49 94 -83 76 -89 4
50
65
63 -8
-44 62
6
-9 29 -63 25 -53 -23 -9 -71 89 -59 55 19
27
87
-36 27
-33 -41
8
-76 -13 -41 -69 57 -13 85 15 43 29 -27 50 -55 50 -62 36
36
78
-31 50
22 -15
5
45 -15 -45 69 -81 99 -99 -33 51 -69
22
83
50 -60
-54 75
5
13 55 -55 -1 65 -49 69 47 53 83
19
64
61 65
55 23
4
-42 41 85 -81 74 -50 19 53
49
59
85 -81
29 19
4
21 -36 51 44 -89 -56 -79 -56
38
63
42 20
12 16
5
-23 -87 -14 -87 76 -24 67 12 49 12
59
79
-17 -87
61 -8
6
-72 62 22 -66 52 -96 65 81 59 85 -66 77
9
95
-66 77
38 -33
10
53 93 39 87 -23 55 -91 17 -9 -7 61 -1 69 21 71 67 69 75 63 95
39
44
53 93
-14 12
3
-77 -55 28 5 -62 5
23
81
-8 5
9 1
7
-66 -5 -84 -44 -90 -74 54 -74 69 -68 66 -35 -12 85
94
100
-72 -18
2 -29
7
63 -32 81 -5 18 67 -45 -5 -72 -50 -63 -59 18 -77
33
78
67 -26
-12 -27
10
-46 52 -72 22 -96 -6 -10 -100 34 -86 74 -32 86 6 60 58 8 86 -28 70
58
60
-78 15
71 -25
4
-55 1 85 -69 79 13 -55 11
63
95
-55 2
49 6
10
-79 23 -76 11 -46 -55 -25 -76 -7 -79 59 -22 83 2 83 11 62 41 -28 68
24
48
-7 -79
-40 34
3
-37 44 -55 17 89 -64
61
95
-41 38
-52 18
5
59 -10 58 32 33 61 -69 23 -54 6
16
38
-54 6
45 40
5
10 96 -96 -70 -4 -40 66 -14 42 96
4
85
-50 -55
39 61
3
-41 20 -73 -92 63 52
43
54
-39 -56
-1 20
8
-85 26 -78 5 -29 -44 55 -51 83 -30 83 19 41 68 -50 96
55
97
83 -23
-49 -18
3
-57 62 7 -42 23 -34
25
33
-41 36
16 -27
6
-34 -95 38 -50 47 31 -16 40 -70 -32 -61 -77
11
74
14 -65
-21 -14
3
-14 4 -24 -6 41 -81
31
84
30 -64
-13 -5
3
48 42 -96 58 24 -62
23
60
-55 17
6 -22
9
-83 16 -86 -11 -86 -35 -41 -89 25 -86 37 -83 82 -35 61 58 -38 31
3
23
37 -83
48 24
4
-99 -58 17 -72 73 -76 -25 64
20
72
-62 3
29 -53
9
41 28 -61 16 -82 -11 -97 -77 -43 -95 35 -86 83 -38 89 -2 83 10
1
99
35 -86
49 -51
7
10 32 -26 -58 -26 -67 -17 -76 100 14 73 41 46 50
15
33
-26 -66
43 -6
6
34 -100 92 -8 52 80 4 42 -16 -76 12 -98
37
77
72 36
9 18
6
-86 83 -92 -53 -4 -77 60 -33 96 35 34 61
9
65
12 -66
-64 -4
8
-86 41 -68 -17 -30 -69 48 -79 60 -71 76 81 18 75 6 73
64
70
76 81
41 -39
8
38 63 -67 56 -74 -28 3 -56 31 -49 38 -28 45 14 52 63
41
50
38 -28
24 32
4
61 90 6 40 -4 -15 16 -15
91
100
14 -15
17 26
7
-46 72 -54 -4 -34 -100 18 -92 38 -36 42 40 22 88
76
85
41 21
22 -15
8
-62 -18 -34 -62 -30 -66 58 -50 98 78 66 98 38 86 -58 22
36
47
-8 -62
57 -14
10
-95 -10 -88 -23 -72 -48 -41 -83 54 -54 75 -23 87 35 33 78 -54 73 -84 24
29
57
-41 -83
63 18
8
-97 59 -89 7 -73 -49 -53 -61 55 -89 83 -37 7 31 -69 63
4
56
26 14
-56 -5
3
50 -56 75 -66 0 9
9
68
60 -51
28 -23
3
91 60 -21 46 -14 -66
46
63
51 55
30 44
8
72 -80 77 -25 62 50 42 70 12 65 -98 20 -73 -80 -33 -85
6
57
-76 29
21 -36
9
60 -4 73 40 77 70 49 88 -71 77 -88 25 -84 4 -38 -52 25 -70
44
84
73 40
-44 -7
3
49 -47 -83 94 -50 25
26
83
5 0
-47 47
6
-67 83 -99 -13 -79 -69 -9 -65 83 -23 45 81
25
77
45 81
-33 78
8
94 85 -26 61 -71 46 -77 -62 -65 -83 -32 -53 25 1 91 64
60
63
-54 -73
-17 59
5
58 -47 72 -34 58 65 49 65 -59 -86
23
63
52 -49
-18 -52
7
99 8 -12 100 -55 89 -75 49 -98 -30 -95 -54 -22 -93
40
57
-75 49
26 0
6
8 82 -93 54 14 -41 42 -48 94 13 69 34
7
39
14 -41
3 0
8
63 -81 84 -48 81 48 66 75 12 90 -63 99 -75 24 -75 -57
19
24
81 48
28 -55
6
47 89 -82 11 -22 -88 -1 -76 80 71 89 92
35
58
89 92
26 67
3
-54 -59 54 19 -60 19
4
5
4 19
-44 7
9
41 64 14 82 -82 40 -94 -38 -91 -65 -49 -74 -40 -74 20 -23 59 49
9
88
-91 -65
-72 -66
8
-88 64 -53 -25 -42 -40 87 -99 61 -45 40 -13 1 26 -58 64
20
78
10 17
-56 62
10
20 90 -37 84 -48 67 -57 53 -81 -9 -92 -52 -45 -61 34 -30 90 46 55 73
42
68
-45 -61
-15 -43
8
-88 50 -88 36 -46 -55 -11 -48 66 57 38 92 -60 92 -74 85
15
60
0 -33
-25 -31
8
65 -51 97 -43 81 69 49 61 17 45 9 37 1 21 9 -19
7
39
16 -23
20 42
3
-23 -54 55 -36 85 -18
52
56
43 -32
4 -46
6
59 93 -49 75 -73 51 -43 -45 35 -69 71 3
64
70
-48 -29
59 21
5
67 -32 -13 38 -23 38 -33 -12 7 -52
14
85
-13 -32
36 -5
8
57 87 33 87 -67 63 -75 19 -7 -29 -3 -29 25 -25 57 -5
19
40
-67 63
17 15
8
67 76 13 49 -68 -5 -68 -23 -59 -41 31 -95 94 -41 94 -14
4
50
73 56
59 4
8
-29 -71 7 -39 55 53 11 85 -17 81 -77 33 -61 -83 -53 -87
61
82
11 85
-50 14
4
-66 82 -57 37 -12 -53 42 -35
23
37
-57 37
-5 -5
10
67 45 49 63 22 72 -59 27 -86 -27 -95 -54 -95 -81 -77 -99 -59 -99 49 0
4
75
-74 -3
-18 8
9
55 -69 70 -30 -26 96 -71 87 -89 57 -80 18 -29 -57 -2 -81 43 -78
31
82
-11 -73
25 -65
3
-88 1 62 11 -78 91
50
88
20 35
-20 27
5
16 3 16 -93 76 9 70 69 28 57
52
53
26 -76
24 -11
4
-26 74 -56 59 -71 -76 70 26
1
66
-38 68
-46 54
8
64 34 54 64 34 84 24 84 -46 44 -86 4 54 -66 64 4
82
91
64 29
8 62
8
72 36 52 36 22 26 -78 -44 -38 -94 42 -84 62 -54 72 -24
83
85
-58 -30
20 -69
6
-84 -39 -57 -84 -12 -84 69 -57 87 -12 51 24
15
37
60 15
16 -10
6
-94 46 -94 41 -44 -49 76 1 36 26 -54 51
25
41
18 31
21 -19
6
100 35 45 95 -75 5 -60 -25 -25 -65 40 -45
58
89
-72 -1
-6 1
4
-18 90 -39 76 -88 -29 31 90
16
94
14 73
-50 36
4
-50 -99 25 -64 -55 66 -70 26
65
77
-39 40
-10 -46
5
95 4 18 4 25 -52 74 -45 88 -24
10
48
89 -20
52 1
9
23 73 -7 67 -61 43 38 -56 56 -59 80 -17 83 -8 74 19 53 67
80
90
81 -14
34 28
5
98 10 66 66 50 90 30 86 98 -34
33
80
45 89
68 27
5
88 10 37 73 -53 28 -92 -53 -11 -98
1
92
-92 -53
-14 -72
9
74 -44 81 -2 11 68 -24 89 -31 82 -52 33 -52 -2 11 -86 67 -51
5
93
35 -71
5 -77
4
47 12 12 68 -44 -2 -9 -23
64
80
-40 3
-21 5
6
-24 -64 99 8 50 34 -50 74 -73 2 -63 -84
2
6
99 8
32 5
8
24 58 4 56 -78 -2 -76 -30 -44 -54 94 -40 100 -22 66 48
64
80
83 13
-6 10
3
35 -93 -33 87 -87 -87
77
86
-87 -87
9 -26
4
37 71 -98 64 -23 -100 21 22
2
5
37 71
-1 14
9
64 -60 85 -35 94 -3 -11 81 -62 99 -95 30 -100 -4 -46 -64 24 -77
34
67
-95 30
-10 -65
6
67 -45 67 7 35 15 -85 31 -81 -97 19 -65
2
5
-82 -65
1 -51
7
-1 -91 25 -67 81 -3 39 99 -23 65 -25 -33 -25 -91
35
53
12 -79
26 63
6
14 62 -64 -40 -52 -82 2 -78 46 -4 54 32
12
63
46 -4
-34 -72
10
62 89 -85 68 -99 47 -64 -16 -15 -37 20 -51 41 -37 48 -30 62 -9 69 54
2
17
-15 -37
-16 -24
8
39 19 57 64 48 91 39 91 -15 46 -78 -8 -96 -26 -6 -53
20
79
-36 28
0 -41
5
-98 -31 -68 -71 2 -31 -18 9 -68 -11
4
91
-77 -59
-19 -9
3
11 -24 -88 -15 -16 -51
50
98
-33 -20
-28 -44
3
93 -66 6 31 -30 -48
39
74
-30 -48
9 -51
4
64 -26 73 -17 10 64 -53 1
54
96
12 -14
0 -9
7
-10 -71 18 -63 34 -11 34 9 2 73 -30 89 -98 29
6
16
-30 89
-49 67
4
-36 -91 12 21 -96 85 -88 -91
25
64
-93 19
-9 6
7
-58 -73 -51 -94 -30 -59 19 67 -2 74 -30 74 -72 60
9
57
-48 -89
-11 68
3
82 89 -9 -2 12 5
19
35
52 53
15 12
8
51 55 11 67 -67 79 -91 67 -79 -67 -3 -71 1 -71 65 -27
61
75
-3 -71
-11 41
4
-24 -19 80 -35 8 41 -40 37
25
39
-11 -21
2 25
10
29 -52 19 28 14 38 -41 73 -46 73 -81 53 -91 -12 -36 -62 19 -92 29 -57
32
69
23 -4
5 -77
8
-30 61 -50 11 -20 -59 0 -59 70 1 50 51 -10 81 -20 81
3
95
14 -47
19 -11
8
52 30 -8 -5 -23 -20 -18 -95 47 -100 72 -70 97 -30 67 30
29
53
-20 -17
-10 -38
10
-75 -59 -23 -99 21 -91 53 -47 57 21 57 37 37 69 1 69 -79 9 -91 -19
34
87
57 37
-13 -78
5
-50 53 -26 13 86 5 94 53 38 93
61
64
-35 28
-36 56
10
90 44 90 49 85 74 80 74 -65 44 -80 39 -90 14 -75 -26 -55 -76 0 -61
7
98
90 44
-61 41
6
-66 -13 -57 -49 15 -40 42 -31 69 14 96 68
19
77
-63 -25
-5 6
10
-95 -17 -98 -59 -86 -77 -65 -83 -41 -86 22 -56 4 37 -17 55 -47 73 -65 49
57
60
-98 -59
0 3
10
41 58 6 72 -36 86 -85 93 -78 -5 -57 -19 -29 -33 41 -54 48 -54 55 -26
19
31
1 -42
25 30
5
-19 64 -27 56 -3 8 85 -16 69 64
56
97
14 64
28 0
3
-47 -57 79 24 -56 -21
47
67
-47 -18
42 11
9
9 48 6 42 -3 -15 -3 -36 36 -87 54 -63 99 84 96 99 42 96
53
88
8 46
5 -12
5
40 15 -40 11 -72 -17 -36 -37 68 -33
38
47
40 15
27 11
4
-66 45 -3 -81 87 -93 84 78
14
76
-3 -81
-15 51
9
-99 17 -69 -31 -23 -75 5 -87 15 -89 93 9 49 47 -19 65 -59 75
23
57
93 9
-10 -50
8
62 72 58 74 -52 62 -78 32 46 -96 98 -98 98 -42 90 -6
35
62
-47 0
54 43
4
-50 -47 28 -44 52 -20 -92 28
4
16
-24 -46
-63 -19
4
-15 -15 5 -59 -11 69 -19 85
34
95
0 -48
0 -42
6
78 39 77 45 -13 69 -92 -7 -88 -18 -42 -18
20
86
-92 -7
-72 -2
6
-73 4 18 -80 46 -94 32 -31 4 46 -45 53
24
70
8 35
11 26
5
-86 35 -72 3 -22 -91 12 -55 72 31
8
63
-5 -73
27 -28
7
-65 -4 19 -39 83 -42 99 58 49 70 -56 69 -68 68
68
99
-65 -4
55 11
9
-49 26 -29 -4 51 6 61 76 61 86 21 96 11 96 -29 86 -39 66
1
99
33 93
51 32
8
-60 11 -15 -49 55 -94 90 -54 80 11 55 56 15 86 -45 71
43
86
27 77
47 -27
3
6 -16 15 65 -39 -16
85
88
-1 41
-26 0
7
-60 65 -88 2 -67 -26 -39 -33 -11 -33 24 -19 38 51
26
45
-18 -33
8 34
9
68 -45 88 -18 26 45 -59 -19 -75 -32 -83 -42 -97 -72 -40 -67 -29 -66
49
73
26 45
76 -23
4
-59 66 -35 -22 13 -86 37 -86
25
40
-14 -50
-30 -11
9
-61 45 -96 -11 -89 -81 -54 -88 2 -67 37 -39 72 -4 37 38 -12 45
35
71
-54 -88
4 -58
4
-24 40 -4 -70 6 40 -14 60
19
56
-3 -59
2 -2
8
-48 -50 -38 -80 -28 -80 2 -70 62 20 2 80 -28 60 -48 40
5
7
-13 70
-44 10
7
-97 56 -85 38 41 2 53 56 53 68 -43 98 -61 86
45
55
-27 93
-7 34
10
-63 -56 -42 -77 39 -56 60 -14 75 19 42 67 9 82 -42 64 -78 28 -72 -41
53
66
42 67
-32 -24
10
74 95 -46 89 -100 17 -97 11 -22 -37 -4 -40 14 -37 74 -25 83 -13 83 2
52
88
-85 37
-37 -12
9
-17 72 -93 12 -85 -72 -21 -68 3 -48 35 -20 31 48 11 84 7 84
45
82
3 -48
12 31
7
-13 -35 5 -35 68 1 32 28 -76 91 -85 82 -85 46
42
47
-3 -35
53 6
3
-79 -36 65 68 -79 76
77
90
-7 72
-60 -4
4
-87 -68 -63 -62 33 46 -21 100
9
96
-83 -67
-46 3
8
-98 -38 -90 -66 -58 -86 -18 -82 74 -42 74 -6 70 26 -58 -2
17
55
-94 -52
46 -20
4
9 19 59 54 -51 79 -91 9
32
50
-79 30
-13 40
9
-26 15 -29 -48 13 -60 94 -9 91 57 88 75 85 84 49 93 1 69
44
52
93 13
49 47
6
65 37 23 85 -16 97 -43 100 -100 -20 -19 -77
42
93
-46 -58
-4 71
10
79 49 16 91 -40 63 -61 21 -68 0 -40 -35 79 -77 93 -42 100 -21 100 0
38
62
-64 -5
71 -62
6
51 69 -73 79 -87 61 -71 37 83 -67 75 5
73
98
-71 37
57 28
5
7 -94 47 -54 95 18 7 -14 -1 -54
30
98
0 -49
56 0
7
-9 -38 51 -88 91 -68 81 62 51 72 -59 62 -39 -8
61
73
51 72
-34 17
8
23 7 47 49 23 73 -1 85 -31 85 -79 55 -61 1 -43 1
7
12
-39 80
-46 9
3
36 -9 100 -95 88 55
35
100
49 7
55 8
10
33 90 -3 88 -66 51 -64 -13 -56 -79 -33 -80 2 -64 91 26 92 44 92 48
72
80
92 46
33 30
9
-42 51 -62 31 -62 -39 -52 -49 18 -39 98 -9 78 81 28 81 -22 61
27
33
-36 54
-2 61
4
94 -94 66 -6 -2 58 -78 -54
65
89
94 -94
-56 -38
10
22 -31 28 -19 42 15 44 29 40 47 -20 93 -62 99 -100 85 -80 39 -2 -77
47
59
27 -21
-39 14
6
-3 -17 87 16 0 73 -42 100 -75 97 -81 -44
59
91
27 -6
38 22
6
-27 40 -41 5 -20 -23 29 -37 50 -16 15 47
43
85
-23 -19
-10 -17
8
52 -56 -11 40 -68 58 -83 43 -71 -26 -44 -80 -38 -89 -5 -95
43
63
-75 -3
-40 -42
7
28 36 18 36 -12 26 -92 -34 -12 -24 68 6 78 26
11
81
-3 29
-18 -16
5
42 9 18 73 -80 79 -74 -47 44 -13
34
65
43 -2
-30 37
5
-85 -91 -14 -94 77 34 -86 68 -95 -22
9
64
-95 -22
-37 41
3
-43 -17 29 -89 69 35
30
42
-12 -48
12 -7
3
62 -26 44 4 -79 -11
35
65
15 -21
17 -20
5
1 41 -74 17 -95 -34 -86 -76 37 20
9
25
-89 -62
-14 21
7
91 94 43 88 -17 -6 -60 -84 -67 -99 27 -93 78 -86
8
95
-67 -99
12 -17
8
93 82 33 66 -63 2 -75 -34 -43 -38 45 -14 77 10 89 26
20
57
-24 28
61 72
3
-14 64 -18 -68 78 36
7
92
-18 -68
7 -16
7
-7 35 -33 18 -59 -77 43 -74 99 -66 99 -28 12 30
12
61
54 2
12 -51
9
-75 -43 -39 -88 24 -79 51 -34 69 20 51 29 6 47 -39 29 -75 -25
6
83
6 47
29 11
6
-6 68 -55 89 -69 89 -69 26 29 -79 36 5
27
57
-56 89
7 15
10
-96 -78 0 -91 23 -84 62 -25 64 46 53 73 44 89 -52 50 -69 40 -95 -70
22
72
44 89
-69 4
7
57 31 25 19 -67 -21 -91 -45 -7 -77 45 -85 77 -9
45
50
-88 -42
-66 -25
6
-8 11 -38 44 -86 14 -98 5 -92 -28 -17 -13
86
96
-94 8
-58 18
6
-19 -60 62 -60 98 -24 89 3 8 66 -64 -15
72
85
97 -21
-17 -7
10
40 -35 74 41 62 71 8 87 -28 75 -58 57 -52 -61 -50 -71 -22 -93 20 -75
13
51
40 -35
3 -78
10
-8 47 -26 2 -26 -25 -8 -52 64 -97 73 -88 82 -52 82 -43 64 11 37 29
94
99
71 -10
16 -40
9
25 93 -35 58 -70 28 -95 -2 15 -52 35 -42 65 3 65 23 40 78
4
96
-84 -7
-12 -11
5
-46 59 -76 -1 -86 -31 4 -31 14 9
1
65
-14 -31
-7 17
10
99 -29 99 1 39 71 29 71 -16 66 -61 56 -71 26 -61 -9 -21 -99 49 -84
15
40
99 -15
77 18
9
42 64 -24 78 -84 26 -96 8 -62 -74 -16 -86 60 -80 74 -64 68 -10
9
96
73 -55
-39 25
7
73 -85 84 28 52 63 -21 70 -92 11 -90 -72 47 -83
5
92
-90 -72
-4 52
4
55 -39 87 -59 55 73 -37 33
19
35
32 -21
66 -30
7
66 51 26 46 -74 21 -74 -69 -4 -89 51 -79 96 -69
39
98
96 -69
-35 -21
4
-6 96 -86 -29 -21 -54 34 -19
22
97
2 73
-13 48
4
-2 88 -62 58 -72 -42 58 58
29
56
-59 -32
-52 49
6
34 -71 -46 69 -91 29 -91 24 -86 -31 -61 -66
17
40
-55 61
-39 -49
7
83 18 -26 44 -68 36 -83 -54 -81 -69 70 -94 92 -33
83
87
70 -94
-47 -20
3
84 -33 -4 91 -24 59
4
78
-19 67
4 36
10
-49 -10 -76 -85 11 -91 53 -85 95 -7 95 20 86 53 56 50 38 44 -1 20
48
83
95 -7
-19 -52
8
-19 96 -38 40 -66 -49 12 -48 51 -45 75 -32 86 -23 18 61
53
75
86 -23
-3 80
10
93 58 25 78 -19 26 -39 -2 -51 -94 -23 -98 -15 -98 53 -62 57 -54 73 -18
53
55
-44 -95
49 62
10
-70 -29 -63 -73 -10 -84 36 -93 94 -75 65 61 21 96 8 96 -70 80 -85 70
41
93
36 -93
81 -46
6
-54 -57 6 -18 87 45 39 93 -57 81 -66 -15
25
85
-60 49
-8 63
6
-57 -58 19 -74 39 -78 63 6 -25 34 -61 10
11
52
-19 -66
-51 16
7
65 -7 83 11 53 71 23 77 -25 11 -43 -67 5 -43
24
51
60 -10
25 -28
7
47 28 2 78 -38 58 -83 -37 17 -82 52 -77 92 -52
50
61
20 58
-57 -27
5
-53 36 -95 -84 -2 -81 -2 -57 -41 21
58
74
-67 -4
-6 -52
5
12 36 2 -4 2 -64 87 -14 92 56
32
90
7 16
42 -22
3
37 56 -51 -4 97 -9
59
78
-29 11
45 40
5
3 35 -92 55 -72 15 -52 -5 18 -15
1
96
-66 9
-27 0
4
-61 95 -61 75 -51 -70 29 -20
32
72
-61 95
-43 19
4
-57 -57 68 -97 93 -72 -22 -2
10
16
-57 -57
-14 -14
9
-15 96 -47 74 -81 10 -97 -32 -77 -64 -55 -86 85 28 73 92 59 96
76
99
85 28
50 85
7
26 -50 -10 -23 -46 -5 -55 -23 -28 -59 8 -95 35 -86
39
78
35 -86
3 -49
7
10 -81 58 -83 95 -59 -23 93 -61 73 -86 1 -60 -54
3
79
95 -59
42 -44
3
-4 -66 -88 12 -94 -18
76
80
-46 -27
-68 -19
8
-81 90 -82 72 -66 -3 15 -63 54 -78 11 29 -2 53 -45 74
32
52
-2 53
-35 64
10
-49 87 -79 27 -85 -63 -25 -69 56 -63 71 -45 89 42 89 45 53 81 -40 87
35
91
-80 12
-67 46
4
-40 30 -68 -40 16 -26 72 51
15
69
-24 33
-40 24
7
68 -93 71 -69 48 87 -25 92 -38 7 -38 -10 -31 -97
25
54
-25 92
12 -13
4
85 0 73 68 -79 40 57 -72
58
96
64 -54
53 -24
5
45 -72 49 68 -55 -20 -99 -92 -3 -84
54
86
48 33
35 -60
4
-7 25 29 57 25 89 -99 21
9
75
11 41
-49 27
5
-4 62 -28 54 -76 6 44 -90 84 22
19
90
-16 58
-21 54
8
-3 -93 49 -43 37 55 33 77 -45 13 -49 7 -65 -45 -45 -85
17
22
-49 7
34 28
7
44 53 -34 53 -64 -85 -16 -91 44 -61 86 -19 68 29
15
23
-2 -84
0 -58
3
35 90 5 20 85 70
41
53
20 55
44 50
7
89 -8 96 27 89 48 5 97 -30 76 -51 48 26 -8
63
93
92 7
-14 54
5
13 -47 49 -11 94 97 22 70 -77 7
17
30
25 -35
33 -24
5
-20 57 -55 -55 43 -55 1 78 -6 92
16
86
18 -55
-5 -30
3
14 -52 74 78 -26 -42
93
95
14 6
19 4
3
-16 41 49 -79 84 -9
5
60
79 -19
14 11
5
54 -53 93 -45 76 67 -4 58 -77 -47
8
96
54 -53
-34 -3
9
-73 -13 -45 -41 43 -73 71 -33 79 -9 79 7 67 71 59 87 -53 3
24
36
21 -65
51 -27
8
55 -5 82 46 82 52 64 58 -29 61 -80 43 -83 16 -29 -8
13
85
-81 34
-15 -1
5
-35 -22 29 50 -19 58 -83 58 -67 -22
2
49
-29 58
-29 -14
10
81 -27 75 -9 53 19 -43 90 -48 64 -51 -33 -50 -78 23 -88 25 -88 42 -83
20
46
53 19
-23 -23
10
-22 -66 16 -46 40 -10 34 38 28 60 -20 96 -78 76 -88 42 -98 0 -66 -44
12
33
-88 42
-48 -39
8
78 84 51 75 -42 33 -87 0 -90 -36 -3 -48 78 -54 87 3
81
91
20 61
-43 -32
9
-29 -50 1 -30 11 -20 61 70 -9 40 -49 20 -99 -10 -99 -50 -79 -70
45
76
-99 -50
5 41
3
45 84 -74 -69 33 2
6
48
-74 -69
-23 -6
5
16 43 -44 19 -20 -5 70 -65 82 49
34
77
72 -46
33 -33
7
-76 -73 32 -85 64 -81 80 -2 80 91 -16 91 -67 11
62
69
56 -82
-7 -73
3
46 53 -74 11 -20 -97
16
27
-27 -83
23 16
9
27 -86 39 -82 55 -30 35 62 23 58 11 50 -41 14 -69 -50 -57 -66
23
98
6 -81
30 57
9
37 26 -63 76 -88 81 -58 -29 -18 -54 32 -74 72 -79 77 -79 92 -19
85
92
-73 78
-29 39
5
-82 -19 -18 -83 6 -99 -10 -3 -82 45
71
90
-58 -43
-29 -43
10
-56 54 -76 -6 -56 -46 -16 -76 24 -96 44 -96 54 -86 54 34 44 64 -36 74
84
92
20 67
19 10
3
-40 -80 -13 -56 20 55
70
78
-36 -71
-28 -69
7
-59 -17 45 -41 77 31 77 71 65 83 -79 55 -83 19
5
17
-79 13
-56 -12
5
-89 62 91 -64 76 -4 40 59 16 65
9
100
48 45
58 25
7
-45 -53 55 -63 70 -63 75 -33 -40 92 -85 17 -85 -33
8
96
-45 -53
-28 14
5
-81 47 -72 20 -18 -25 27 -61 36 -7
48
58
36 -7
15 -18
10
-62 -29 -6 -59 38 -39 52 -3 10 87 -6 99 -34 89 -76 59 -80 49 -78 9
1
12
-34 89
28 3
10
37 43 36 87 -31 57 -47 46 -73 16 -83 4 -88 -5 -71 -33 -18 -82 -14 -74
54
89
-71 -33
26 28
6
-4 43 -80 -85 36 -41 52 -17 76 39 48 63
18
28
-61 -53
39 -22
3
96 -94 78 -64 -78 -10
15
54
-78 -10
-24 -32
9
20 -97 44 -97 68 -1 12 63 4 63 -12 55 -44 31 -60 -1 -52 -33
6
34
39 -97
8 -35
4
-4 -98 86 -56 32 28 -46 76
42
64
41 14
58 -65
4
-39 -83 17 -95 73 49 17 61
5
91
73 49
26 18
5
-21 53 -69 95 -57 35 -15 -61 -3 11
16
48
-9 -25
-14 34
3
-91 35 -43 -37 57 19
34
86
7 -9
-48 -19
4
-44 69 -98 -39 40 51 22 75
60
64
-74 9
-1 27
5
42 -24 -78 36 -98 31 -88 -59 82 -94
4
91
-78 36
-35 0
9
41 37 -31 -5 -21 -47 -11 -61 65 -19 83 3 95 27 99 39 99 51
28
32
41 37
-27 -18
10
83 -9 59 97 -79 93 -85 53 -87 29 -15 -55 1 -69 37 -91 71 -53 85 -21
40
89
1 -69
3 -69
8
-16 -100 66 0 78 16 82 38 -10 43 -67 23 -66 -1 -56 -24
23
65
-10 43
-55 -6
6
-33 -48 -13 -43 92 82 27 97 -93 72 -38 -48
13
18
-49 -24
30 40
7
65 36 80 71 25 71 -50 -79 -30 -79 -10 -69 35 -19
32
77
41 -8
-35 -55
9
-29 67 -47 73 -50 50 -12 -2 21 -36 45 -58 85 -62 75 -9 42 29
11
26
75 -61
17 6
7
85 -73 94 -28 49 35 -14 62 -59 80 -32 -91 4 -91
48
51
31 -85
59 -14
4
48 17 0 57 -48 57 -32 1
8
97
-7 6
22 16
9
-21 -71 -15 -83 45 -95 63 -95 81 -47 81 7 -3 79 -39 49 -33 -35
28
47
61 -95
46 -78
6
53 -53 38 97 -47 82 -82 57 -67 -68 -62 -73
32
78
-39 -69
-34 -56
4
-5 -34 91 -10 51 78 -37 46
28
54
-7 -29
53 17
8
77 47 47 87 -3 72 -38 47 -83 2 -68 -68 17 -93 77 -78
28
62
61 -82
-38 -48
5
-51 1 59 -89 79 -59 79 -29 -61 31
75
76
44 -14
9 -8
6
-18 -20 66 -84 74 -40 74 32 34 76 -46 4
58
82
24 -52
5 -36
9
-68 -63 -43 -49 -1 5 8 18 27 55 0 96 -32 72 -100 3 -93 -27
34
79
-43 -49
-25 12
6
85 -97 64 8 43 36 8 57 -69 36 -20 -83
37
46
8 57
22 -38
10
-91 -41 -82 -65 -40 -92 29 -62 50 28 53 64 50 85 -55 73 -82 49 -100 13
60
100
-98 1
8 2
6
-8 3 6 -4 90 -11 69 45 48 45 -1 17
9
56
20 29
14 -1
10
-74 -92 -16 -92 78 -60 86 -40 86 36 22 54 -66 68 -94 0 -98 -10 -98 -68
16
44
86 -19
-70 39
10
32 -64 46 -8 25 13 -38 34 -87 27 -94 -15 -87 -57 -80 -85 -24 -99 4 -92
9
96
-20 -98
7 -57
3
99 91 8 0 22 -56
48
86
15 -28
54 45
7
-53 91 -95 17 -52 -84 41 -50 58 -14 75 71 -18 88
10
38
41 -50
-52 -37
5
-54 57 -78 41 -86 -23 66 -47 34 89
1
92
34 89
-55 48
5
-12 -10 4 -26 36 -26 76 -18 -36 86
41
62
-13 -6
19 23
10
-28 81 -78 1 -74 -41 -58 -89 -52 -95 48 -25 68 -3 94 53 100 95 6 91
84
97
6 91
59 7
9
68 37 47 65 -23 79 -65 79 -100 72 -93 58 -58 2 -44 -5 47 -5
18
95
61 23
37 46
5
-9 49 -33 67 33 -83 57 -89 45 -17
12
57
53 -88
47 -60
5
-47 83 -68 -85 51 -85 58 20 58 48
2
82
58 23
-8 41
5
-70 -42 75 -42 50 68 25 93 -65 -22
55
87
-29 24
13 -30
6
45 64 -45 4 -63 -80 3 -62 21 -50 75 34
8
86
3 -62
15 -13
8
90 -47 94 2 95 31 -1 96 -40 97 -66 79 -91 55 -88 23
10
91
-1 96
28 -10
7
57 -71 83 9 85 27 71 88 20 99 5 76 38 -50
21
51
5 76
16 62
9
-91 -13 -76 -73 19 -43 69 -18 79 12 69 42 -1 82 -46 72 -86 17
44
75
-37 74
4 0
5
-88 48 -44 -4 8 0 20 28 -8 68
8
36
-31 -3
-30 7
6
-58 13 -2 -71 61 -29 40 27 -37 62 -72 69
8
23
29 32
11 -28
4
-89 -9 -63 -32 43 -96 -92 40
55
74
-10 -64
-77 -18
3
86 -26 -46 30 -30 -58
38
98
-46 30
-19 -39
8
93 65 18 44 -12 -1 -12 -16 -6 -49 3 -64 9 -58 45 -10
17
32
6 26
32 -11
10
61 -45 36 35 11 60 -49 70 -69 65 -94 25 -94 -35 -64 -60 21 -95 61 -65
77
90
41 19
2 31
5
2 -98 18 -66 26 -18 -30 62 -54 38
18
37
-19 -47
17 -14
9
-16 -62 -9 -76 47 -76 68 -62 89 -6 96 57 82 78 40 50 12 1
42
65
12 1
31 33
6
51 30 15 90 -27 96 -81 93 -84 -51 -24 -48
28
83
-24 -48
13 59
5
-74 -58 38 -74 38 -38 36 20 -56 64
83
95
-25 -65
-16 -18
7
-81 -54 31 -82 31 -75 10 9 -11 65 -39 65 -67 9
74
83
-69 0
-23 -23
8
-78 -14 -32 -100 42 -54 97 6 89 76 -63 78 -81 51 -92 18
3
49
97 6
1 35
7
-56 -39 -35 -74 14 -60 35 -39 0 31 -49 52 -84 24
8
78
-54 48
8 -6
7
7 23 79 15 71 47 47 71 -57 87 -49 55 -41 47
5
83
76 27
58 40
6
-84 41 -93 32 15 -40 42 -40 33 23 -48 41
57
90
32 -40
-24 -2
3
59 34 -31 16 68 -38
17
42
65 -14
29 0
5
37 -2 41 26 3 68 -83 94 25 -10
92
97
-40 81
19 32
10
85 12 72 43 43 43 -17 33 -60 14 -67 -41 -45 -81 -16 -81 93 -44 95 -42
51
74
19 39
41 -11
4
75 -46 57 8 -39 74 0 -52
39
47
-23 63
17 -20
6
57 78 -32 46 -39 42 -43 33 -53 -7 62 -66
34
73
-39 42
-33 30
8
-74 43 -68 -3 -52 -29 -12 -91 20 -91 52 5 28 49 -14 47
19
20
30 -61
6 -17
9
43 77 -51 57 -87 29 -79 -39 -41 -89 -9 -99 43 -93 97 -59 95 71
2
62
-87 29
71 42
9
-39 -40 -20 -76 -4 -66 38 -28 57 16 82 85 58 90 -25 92 -57 56
45
95
82 85
10 -21
9
94 -19 98 5 98 21 90 37 46 61 -10 53 -34 21 58 -19 86 -27
9
62
58 -19
61 29
3
-27 -35 29 -19 -91 53
28
43
8 -25
-19 -5
8
-24 47 -44 39 -92 -45 -76 -65 80 -65 84 -45 52 3 -16 43
34
74
-76 -65
-1 23
10
79 15 43 83 -33 39 -63 15 -79 1 -95 -39 -79 -61 -7 -87 63 -59 77 -29
56
96
-81 -4
44 -30
9
-92 25 -57 -10 13 -65 33 -80 48 -60 53 70 53 100 -62 100 -92 90
76
100
-92 26
-56 87
10
-72 2 -72 -70 -12 -94 30 -82 78 -58 66 -10 54 26 6 62 -48 80 -66 44
2
97
10 59
-61 18
3
-23 -54 55 72 1 0
4
71
42 51
7 -2
9
36 -84 56 -72 20 8 -28 64 -68 48 -72 28 -60 -60 -48 -88 12 -96
37
73
36 -84
-37 -48
6
24 -62 54 -67 74 -67 69 3 9 18 -71 18
62
86
54 -67
47 -6
10
82 -4 100 77 100 86 64 86 -35 77 -53 -58 -44 -76 19 -58 46 -49 55 -40
6
92
100 83
40 57
3
29 -10 29 -73 47 -1
41
64
29 -60
39 -12
4
-42 15 98 -29 54 31 -2 39
30
60
76 1
47 23
8
57 81 21 93 -27 29 -67 -39 -43 -43 65 13 81 41 85 53
47
51
24 92
-1 -13
10
-35 -45 35 -45 25 30 15 60 -10 80 -35 85 -45 70 -95 -25 -90 -35 -65 -40
57
65
16 57
-41 -36
3
24 72 -14 37 80 12
14
81
66 27
65 19
7
-66 65 -82 49 -26 -47 30 -87 46 -63 62 25 38 73
5
45
-81 50
-9 46
3
78 45 -57 65 -92 5
80
92
-85 17
-73 11
8
-64 -22 -74 -32 -34 -52 36 -82 46 -72 76 -22 86 38 56 68
8
99
83 20
-23 -7
10
-91 -30 -79 -59 -9 -77 4 -71 44 -28 91 26 100 42 79 47 15 32 -45 4
15
37
91 26
72 35
10
43 84 18 99 -82 39 -87 4 -82 -31 -77 -51 -2 -61 18 -56 68 -36 88 -21
72
88
28 93
46 -9
6
-76 -23 29 -62 35 -41 38 -14 5 94 -58 58
96
99
29 -62
1 77
7
37 -9 7 41 -23 71 -33 -29 7 -89 27 -69 37 -39
34
100
31 -57
-9 36
3
-4 10 85 33 19 80
10
18
19 80
7 26
6
-36 68 -90 -4 -75 -31 12 -67 15 -61 -27 68
19
100
-36 68
-19 -41
4
-69 34 91 -36 61 34 1 44
8
95
-53 27
67 -21
10
83 2 29 83 -43 83 -61 65 -70 47 -70 29 -25 -79 -7 -79 20 -70 83 -7
66
92
16 83
43 33
4
-98 -39 14 25 -10 65 -90 17
17
92
-91 -35
-35 46
10
87 72 85 76 -21 48 -87 16 -89 -22 -79 -58 -57 -70 13 -100 81 -58 89 -36
24
51
81 -58
-62 -26
4
-1 -15 62 -42 71 -24 -55 93
11
87
29 15
50 -26
6
0 -35 33 -14 36 19 -81 100 -63 19 -45 -14
9
93
-73 64
11 28
8
-13 83 -29 47 -13 -13 23 -49 55 -73 87 -89 99 -53 91 47
49
81
-29 47
0 35
9
-49 -83 46 -43 61 -13 71 37 61 67 56 77 1 72 -59 -18 -94 -98
68
78
45 76
-12 -45
7
13 -81 31 -72 85 0 -14 72 -23 45 -23 18 -14 -18
19
59
49 -48
5 -57
3
-71 29 21 -92 -54 96
38
39
-54 96
-25 -27
9
-15 -77 12 -86 39 -41 48 -23 48 -5 21 76 -69 67 -87 40 -78 4
3
30
-19 72
30 26
9
-37 -66 21 -60 62 -22 63 25 55 34 41 37 -19 47 -38 12 -53 -55
21
69
-7 45
39 -30
7
-57 87 -71 35 -53 -51 -3 -81 31 -65 71 -31 -15 65
86
97
51 -48
-2 45
3
-39 -29 51 -89 -29 21
15
42
-37 -19
-31 10
9
63 55 54 58 -12 73 -21 -17 -21 -23 -12 -38 96 -62 99 -11 78 43
40
88
78 43
36 26
10
92 -79 90 -36 70 38 48 57 31 62 -4 44 -48 15 -72 -5 -43 -88 89 -86
62
80
-43 -88
-10 2
8
-76 -34 -73 -64 -58 -67 50 -19 53 26 -31 86 -70 98 -88 98
90
93
-82 32
-55 50
5
57 -38 70 1 -5 89 -69 82 -88 44
30
59
70 1
24 39
7
-80 43 -90 3 -90 -7 0 -67 70 -77 70 -67 50 43
41
97
21 -70
20 -23
8
64 -47 76 -21 76 79 -22 95 -96 85 -100 55 -48 -95 34 -89
9
72
34 -89
-12 69
6
90 -15 74 -7 -14 33 -14 -31 50 -87 82 -63
36
65
90 -15
22 -51
5
-63 60 -43 5 -3 -85 97 -15 -58 65
32
97
-15 -58
29 -30
9
0 -94 48 -85 93 -34 75 -19 -54 53 -60 26 -66 -7 -60 -19 -36 -58
25
88
32 -88
-20 21
9
-68 -39 -11 -57 25 -51 40 -48 13 3 -17 57 -32 60 -98 30 -92 -6
29
92
-98 30
-59 -13
8
1 -84 93 -94 99 -94 95 -56 83 2 25 96 -3 94 -25 -16
11
58
25 96
34 80
3
82 -67 -76 59 -98 -69
22
49
-87 -5
-5 -36
5
-89 84 -89 48 -44 21 82 -33 64 75
79
95
33 -12
-7 11
7
24 -29 24 1 -12 67 -84 49 -96 25 -96 -95 -42 -95
79
94
-96 16
0 -12
7
-32 67 -48 27 -32 -5 16 -85 64 -21 64 -5 16 67
58
87
64 -8
3 32
3
-14 -20 22 -36 98 16
48
68
4 -28
58 -4
7
-83 -37 -63 -56 -32 -68 33 -87 82 -52 53 18 29 69
81
92
29 69
-70 -33
4
-1 -42 20 -39 -100 99 -85 -9
2
12
-1 -42
-10 -27
6
52 84 -4 66 36 -22 68 30 68 64 66 82
84
85
68 30
36 54
4
37 -51 85 13 21 49 -3 61
10
93
69 22
19 23
4
-65 91 -41 -53 37 -29 19 61
41
84
19 61
-11 10
4
-12 93 -38 -99 13 -64 37 -26
42
45
23 8
-1 -53
9
-51 87 -59 85 -77 35 -71 1 -49 -11 -9 -21 -5 17 -3 57 -7 71
26
27
-59 85
-24 44
7
18 -15 34 33 26 73 10 81 -54 89 -70 41 -78 -39
35
60
-78 -39
-37 -28
4
-7 -91 89 -1 65 89 -64 68
9
53
-45 15
-53 41
10
-91 48 -91 -12 -70 -87 -16 -93 17 -81 23 -78 77 -3 86 15 80 72 -4 63
43
96
77 -3
29 26
8
-93 -81 -58 -88 -2 -95 40 -81 54 10 -58 52 -79 3 -93 -46
1
23
40 -81
-21 -10
6
-20 78 -32 57 -56 -6 82 12 88 24 10 90
38
79
-24 71
76 18
10
-73 93 -91 87 -76 42 -61 0 -58 -6 -7 -72 2 -72 20 -15 2 39 -25 66
75
100
-76 92
-30 1
9
55 -79 60 -14 35 51 5 81 -35 56 -60 26 -70 11 -65 -54 10 -84
35
59
-69 -2
16 46
3
-4 -88 51 2 -54 97
43
98
-44 60
37 11
3
7 -88 95 64 27 -24
17
33
7 -88
37 -32
4
-26 38 -2 -50 62 6 62 38
15
34
30 -22
5 26
6
63 -65 60 21 -25 91 -79 -59 -84 -87 46 -77
14
71
60 21
30 -35
10
-54 42 -72 -26 -78 -60 -66 -68 -46 -72 -24 -70 42 -24 58 -8 70 34 -26 78
47
58
55 -11
12 24
7
-79 -28 9 -4 25 20 25 28 1 84 -95 12 -87 -20
27
49
-86 -21
5 27
9
-13 -90 43 -22 47 -10 51 18 -33 86 -81 74 -61 -18 -49 -58 -25 -94
5
70
-47 -61
17 -29
9
24 8 32 24 40 64 16 80 0 80 -88 32 -80 0 -40 -80 8 -16
20
43
30 20
22 71
7
43 -52 88 -25 79 2 16 56 -65 -34 -47 -61 -20 -79
18
60
65 14
-40 -57
5
96 -80 84 -26 -30 40 -54 46 6 -26
3
64
94 -71
-25 18
8
-51 -73 61 -84 88 -86 94 13 71 42 -5 74 -50 -3 -59 -50
69
85
-5 74
21 6
10
-64 -34 -78 -57 -59 -68 -40 -70 -4 -71 26 -63 53 -50 98 69 89 72 4 59
63
84
26 -63
64 63
8
-56 37 -40 -51 0 -99 24 -99 72 -43 88 -11 80 37 -16 69
73
80
-40 -51
14 -38
5
93 34 2 -15 -40 -43 9 -92 65 -29
15
34
89 25
22 -9
7
40 -45 70 90 30 90 -35 85 -60 50 -30 0 30 -75
82
84
4 88
15 -16
5
18 -22 72 50 45 86 -18 77 -9 23
10
96
69 46
41 56
8
29 58 -4 67 -55 79 -58 58 -64 -20 -37 -50 8 -71 80 13
3
17
-37 -50
-49 71
10
26 -69 66 -69 86 11 56 71 -34 91 -39 91 -69 6 -69 -19 -59 -29 -29 -54
29
30
-29 -54
-19 -31
4
2 42 -62 34 -86 -54 34 34
65
94
-54 35
-2 32
4
-23 -66 47 32 -65 25 -93 -73
49
56
-79 -24
-36 -7
7
84 -70 98 -68 89 -21 64 28 -77 21 -65 -32 71 -67
26
53
-65 -32
66 0
6
-32 -2 38 -64 70 -52 58 34 50 80 -50 58
52
91
64 -9
10 55
9
-36 24 -31 -46 4 -41 79 -21 99 54 74 74 34 99 14 99 -6 79
38
62
74 74
32 -26
7
-98 -40 12 -70 62 20 42 40 2 70 -58 30 -78 10
20
84
34 46
-2 24
10
-86 -34 -65 -76 12 -69 47 -13 47 29 5 57 -37 78 -65 57 -72 50 -93 15
45
68
47 3
-47 30
5
38 -92 71 67 -16 76 -28 16 -4 -80
6
82
10 -84
-19 20
8
-82 -70 -70 -86 90 -82 94 -74 86 42 50 86 14 90 -50 86
34
75
41 87
82 29
8
95 45 51 63 -17 37 -99 -23 -67 -77 -47 -91 91 -95 93 -47
37
43
-17 37
33 -11
3
60 -83 -18 -47 -24 -95
16
42
-10 -93
22 -71
9
34 79 -29 76 -59 -32 -50 -53 -35 -59 -17 -62 7 -62 79 -53 64 64
57
85
3 -62
45 -24
7
12 -88 22 -68 37 -3 -13 62 -48 52 -73 -28 -38 -88
1
24
1 -88
-25 -24
6
90 54 70 66 -32 92 -88 74 -44 -2 38 -14
63
67
85 57
-31 20
10
-14 44 -38 20 -38 -52 -26 -76 34 -82 88 -64 88 -46 82 -22 64 32 28 74
45
83
-6 -78
-9 -55
3
79 11 -20 -43 61 -97
11
82
25 -73
43 -26
5
52 79 -38 19 -68 -41 -18 -31 32 -1
45
63
45 51
-13 9
3
46 29 36 79 -74 79
9
97
45 34
18 46
8
-88 53 -99 6 -77 -97 21 -92 69 -20 88 79 -1 90 -76 78
27
57
88 79
5 -5
8
69 54 24 63 -57 0 -84 -54 -66 -81 -3 -63 33 -36 51 0
42
47
69 54
-7 19
10
-59 37 -83 -17 -71 -77 1 -83 61 -71 91 7 91 43 43 79 -17 85 -35 73
48
81
91 29
74 -25
9
36 24 26 34 -2 46 -58 58 -100 26 -58 -48 2 -78 60 -38 56 2
12
41
12 40
16 -23
9
8 -64 37 53 18 78 -34 67 -78 -1 -85 -69 -64 -84 -40 -82 -4 -71
9
58
18 78
-7 -40
3
59 5 -51 7 -23 -66
25
62
-23 -66
-4 2
6
-27 65 -45 47 -51 -7 6 -88 66 -79 93 86
39
81
-41 51
17 42
9
-59 59 -41 -31 -23 -76 4 -76 31 -58 49 5 40 32 22 77 -5 77
56
82
-47 -1
-51 52
8
66 -12 46 52 24 84 -66 82 -96 74 -96 40 -84 -76 6 -48
39
86
66 -12
-65 34
7
1 -7 11 29 -7 39 -51 27 -97 -47 -99 -73 -21 -57
56
99
-60 -65
-36 -47
6
76 -43 67 13 -25 92 -87 67 -76 19 80 -83
25
70
-25 92
73 -47
10
-88 -3 44 -99 68 -90 83 -36 71 21 53 36 23 57 -13 75 -61 66 -88 51
38
46
73 -72
40 -39
3
-58 -12 2 -22 82 93
47
52
-52 -13
-47 -10
6
15 82 -89 -58 15 -70 63 -62 55 38 43 82
25
89
52 49
5 -54
6
-18 38 -81 62 -90 14 9 -61 21 -61 48 -22
33
88
21 -61
8 -4
10
-74 13 -68 -29 -59 -35 70 -23 73 1 79 58 67 73 37 97 -38 58 -41 55
12
43
77 39
46 48
5
23 -99 39 41 -61 55 -65 21 -51 -39
21
65
-65 21
8 -4
5
68 55 -52 -70 -57 -90 33 -40 88 -5
5
10
-52 -70
-32 -73
7
-24 51 -78 -51 -60 -81 66 -9 72 -3 84 63 42 75
39
70
-42 17
-32 -6
4
-49 27 -31 -36 68 9 50 36
59
91
46 -1
8 -10
4
18 78 -2 98 26 -70 62 -14
15
99
16 80
12 27
8
31 -62 59 -98 99 -68 99 -54 31 38 -21 68 -35 32 -7 -8
1
66
82 -31
14 -15
9
57 6 36 72 -30 78 -42 75 -72 66 -51 21 -9 -3 15 -3 57 3
54
97
36 72
0 17
10
41 77 1 93 -31 93 -55 77 -87 21 -23 -67 25 -75 81 -75 73 5 57 69
29
44
64 -75
55 -59
3
-87 31 -31 -61 13 59
52
77
-31 -61
-8 6
4
-37 -90 89 -55 96 -6 -9 -27
57
90
-29 -72
47 -18
10
45 -54 27 6 -12 66 -45 69 -87 57 -99 30 -87 3 -36 -54 3 -72 33 -60
37
47
-53 -35
-18 -42
3
-32 80 72 -44 56 4
56
74
56 4
5 38
7
4 70 -94 -36 -74 -80 60 -20 74 -2 90 84 36 92
40
48
-94 -36
-64 -44
8
59 -91 86 -46 89 -25 14 14 -49 44 -64 -40 17 -88 53 -94
5
97
88 -32
5 -34
5
-57 -28 18 -83 38 -83 58 57 -27 22
11
61
31 -83
27 30
4
26 -71 31 89 -14 4 -34 -81
3
98
13 55
-3 6
9
77 67 67 73 -43 83 -51 49 -67 -41 -63 -89 13 -75 45 -53 55 -31
14
32
-47 66
52 58
7
-86 -58 34 -63 49 -38 54 22 24 57 -31 67 -81 62
42
74
-82 38
-12 34
6
65 -72 45 -32 -45 18 -95 38 -45 -12 15 -52
39
73
-75 30
-28 0
5
-36 89 -68 73 -60 17 12 -39 52 -31
24
25
-25 74
-39 18
10
-83 62 -99 -38 -91 -62 -87 -66 -31 -50 85 6 85 18 73 30 -51 82 -63 82
16
23
85 13
-72 34
10
93 -40 73 8 69 12 -11 40 -67 -28 -59 -60 -27 -88 21 -92 41 -80 93 -44
1
91
9 -91
-18 -5
10
93 -41 51 67 39 79 -63 55 -51 -35 -39 -53 15 -77 33 -77 81 -65 93 -53
45
76
-30 -57
14 -20
3
-51 -19 9 61 -91 11
41
94
5 59
-69 19
5
-41 -37 -49 -85 63 57 57 81 7 37
9
96
-41 -37
-31 -37
8
40 54 -48 22 -72 -18 -8 -74 8 -82 80 -42 80 6 48 46
72
78
42 52
13 19
7
-77 -81 -65 -93 -9 -75 99 27 67 53 15 47 -69 -45
5
27
41 50
-23 -21
5
31 85 17 92 -18 78 -39 -13 52 -41
76
84
40 31
-20 28
9
-88 95 -86 66 -77 10 -57 -38 -41 -73 -26 -90 1 -19 14 46 -5 81
7
28
-88 95
-5 74
9
87 -38 80 -17 52 32 -4 32 -32 11 -11 -10 59 -59 66 -59 80 -52
4
88
14 32
43 17
10
-73 53 -79 11 -73 -61 -37 -85 -10 -85 56 -70 77 -55 74 41 68 77 41 86
75
96
-28 -85
58 -62
8
86 -12 86 -2 36 48 -14 48 -64 8 -34 -42 16 -92 66 -42
29
64
86 -10
69 -13
4
-54 64 -84 -41 66 14 31 34
21
89
-54 64
0 1
5
33 -6 41 -6 49 34 -15 90 -23 50
80
90
35 -6
-7 40
7
4 -93 16 -93 64 -81 46 -57 -8 9 -44 45 -62 21
31
62
10 -13
-1 0
4
7 28 19 -32 61 22 73 82
1
93
19 -32
11 10
10
85 41 70 57 7 88 -24 60 -38 34 -66 -83 -67 -93 -9 -80 88 -24 97 25
28
80
-24 60
65 53
9
-30 -91 -12 -91 0 -85 84 -37 90 -19 84 41 6 71 0 71 -72 47
87
99
3 71
-3 17
6
-65 -36 29 -73 57 34 35 86 -41 75 -82 -22
2
100
57 34
0 -9
4
67 -83 88 -6 -24 15 -3 -34
5
96
67 -83
35 -20
9
17 -35 21 32 -17 86 -27 85 -91 -5 -93 -30 -93 -87 -16 -97 10 -64
19
69
-93 -87
-21 -23
7
25 64 -65 -31 -50 -71 -5 -56 65 -11 80 14 70 39
38
56
43 54
-10 16
7
-55 -22 30 -57 60 -2 70 28 50 48 -20 78 -95 13
42
57
60 -2
15 -25
7
11 75 -5 75 -53 67 -53 -21 67 -45 75 -37 99 51
9
61
-5 75
24 53
8
43 68 1 89 -62 47 -62 -2 -48 -51 -34 -72 -13 -79 36 12
81
86
-13 -79
18 -10
10
-65 39 -89 27 -89 3 -81 -45 -49 -73 -25 -93 95 -21 91 15 67 63 47 79
2
96
-23 54
-49 -55
5
-86 78 -78 46 2 -50 26 -50 -78 86
20
93
13 -33
-22 -4
7
88 -8 38 55 -17 64 -99 -12 -95 -38 -64 -68 74 -85
60
89
88 -8
81 -23
6
-51 51 -67 43 -59 19 61 11 61 75 -3 67
68
93
-63 31
36 66
8
-50 -53 -26 -69 46 -37 94 3 78 43 70 59 54 67 -2 75
93
95
58 65
45 27
9
-92 39 -84 19 -20 -97 4 -89 56 -69 20 47 -28 87 -68 91 -92 63
40
76
-88 29
-30 -36
4
-10 54 -96 -7 53 -92 40 69
31
52
53 -92
0 -13
4
68 43 -58 70 -58 -65 77 -83
40
57
75 -55
28 29
10
-68 -9 -44 -45 -26 -63 -2 -63 22 -21 22 3 10 81 -32 99 -38 87 -74 9
41
82
6 -49
-1 29
6
-50 41 -50 -34 -5 -84 80 21 25 51 -25 51
27
57
-35 47
29 18
6
34 -35 5 75 -70 79 -76 28 -48 -58 -31 -64
62
91
-70 79
-6 -2
4
0 -93 25 32 -70 67 -70 -63
21
27
-49 -72
6 20
7
-94 20 -25 -49 2 -68 52 -43 43 14 29 93 -48 90
2
73
-71 55
0 39
8
46 37 0 75 -32 88 -97 78 -92 56 -59 -38 -12 -65 41 -29
50
74
-59 -38
-40 16
3
72 0 -4 -28 48 -92
1
74
9 -44
51 -65
7
2 -94 34 -94 34 -66 -42 78 -86 -14 -86 -42 -6 -90
8
46
-36 -72
15 -41
6
8 -68 28 -2 -36 16 -92 0 -74 -52 -40 -72
15
95
-57 10
12 -37
3
7 42 -47 -66 -2 -48
14
91
5 38
2 0
7
-5 66 -69 58 -77 20 -77 -96 35 -48 65 38 13 62
77
98
65 38
-58 -60
4
11 1 11 57 -69 25 -25 -11
27
34
-9 49
-29 8
3
-12 10 22 -70 0 2
10
33
-3 4
11 -36
10
73 66 43 84 -17 96 -68 45 -17 -42 19 -87 34 -90 94 -90 91 -9 88 24
12
25
-9 -52
42 -50
7
-11 -77 44 -60 90 -44 28 62 22 66 -91 -9 -69 -61
37
57
44 -60
11 -35
5
11 17 -61 47 -73 29 -37 -79 -1 -55
22
49
-69 17
-20 21
7
24 91 -86 29 -72 -75 -32 -93 54 -59 48 13 38 69
27
80
51 -23
39 43
7
-69 10 -66 -5 6 -71 30 -83 45 -59 69 31 -42 55
52
91
-6 -60
33 -39
3
-48 34 92 48 -76 76
6
87
72 46
-27 52
5
-41 52 -56 57 -96 -28 -6 -83 34 -48
66
84
-35 44
-3 -4
5
62 47 68 95 -64 17 -58 -1 -10 -79
27
44
63 55
-8 -40
6
-24 19 -52 -44 -59 -79 25 -86 74 89 67 89
14
68
-40 -17
34 59
3
78 23 -46 -21 -94 -57
7
91
-94 -57
56 15
7
-6 -75 64 12 84 70 69 68 29 54 -46 7 -41 -58
9
96
-41 -58
2 -34
4
-37 31 -45 -41 75 -49 55 23
8
24
60 5
-18 0
7
37 63 4 87 -20 51 -17 -33 -8 -54 64 -57 79 -15
47
91
79 -15
0 19
5
68 38 84 62 4 14 -12 -18 -12 -66
75
84
34 32
59 41
10
43 -33 79 11 91 43 87 63 11 59 -37 15 -81 -29 -81 -33 3 -61 15 -57
4
79
15 -57
-5 7
9
-34 40 -54 20 -44 -30 -14 -50 56 -60 76 -40 86 -20 66 90 36 90
38
60
74 46
27 48
4
66 14 -38 -66 66 -50 82 -10
23
40
76 -1
25 -25
10
63 23 27 11 -84 -40 -87 -49 -90 -73 -63 -88 3 -97 60 -73 72 -64 66 11
46
73
-63 -88
49 -32
6
-60 -90 81 42 60 66 18 84 -39 93 -63 54
2
99
-60 -90
-39 23
6
-100 -44 -38 -78 72 -100 -22 20 -76 52 -94 60
70
96
72 -100
26 -66
6
-1 -92 84 -17 74 48 64 78 -51 28 -81 -92
18
21
-80 -88
13 33
9
69 64 27 88 -45 76 -75 70 -81 34 -81 28 -9 -68 3 -80 57 34
48
83
-81 34
-35 22
9
4 49 -16 74 -76 69 -96 59 -96 39 -41 -91 -1 -71 44 -26 34 -6
44
95
-52 -65
17 16
5
8 59 -35 69 -87 69 -61 -72 88 -24
34
39
-75 69
14 -41
9
-17 88 -62 51 -100 17 -53 -28 -1 -57 62 -89 91 -72 91 -40 72 28
10
57
62 -89
29 -67
10
-33 -78 23 -57 58 -8 93 90 86 97 65 90 44 76 -26 -1 -40 -29 -47 -71
82
90
-39 -27
14 -1
6
15 12 3 12 -66 -21 -42 -57 42 -60 78 -27
37
59
57 -14
-3 7
4
-87 41 -15 -25 -9 65 -81 77
55
92
-14 -10
-29 37
7
-72 17 -20 -39 0 -51 8 -51 88 49 36 69 -84 45
82
95
60 14
15 -15
8
65 75 5 87 -39 67 -47 19 -19 -49 41 -77 93 59 89 67
50
87
41 -77
55 27
6
-24 22 -14 -23 36 -58 46 -58 96 -8 76 7
31
71
-14 -23
61 0
4
9 -34 -95 78 -95 62 -87 54
68
100
-30 8
1 -26
6
7 60 -100 -19 -91 -44 5 -86 71 -30 42 55
39
59
71 -30
30 13
6
35 -13 51 43 35 83 27 91 -61 -21 19 -45
35
89
-61 -21
11 13
8
37 91 -83 75 -81 13 -73 -54 -52 -86 75 -80 75 -57 74 51
4
5
-52 -86
-5 35
8
-72 36 -18 -27 0 -45 18 -54 72 9 72 27 54 36 -81 54
77
91
2 -46
9 7
6
-80 47 -80 -7 -74 -67 -26 -79 58 11 46 41
32
88
-80 33
12 -23
3
61 62 13 46 -99 -18
8
79
58 61
-11 32
3
-8 -6 -86 30 -56 -60
4
84
-86 30
-66 -11
8
-76 40 -76 30 44 -20 94 -10 84 30 44 60 -6 80 -66 100
7
100
-76 40
16 20
3
-24 -29 -54 76 -69 76
71
91
-26 -22
-40 19
8
-42 70 -74 76 -78 24 -76 -64 -72 -76 20 -52 70 -34 84 2
67
81
-78 24
37 12
4
-88 -15 -88 -33 83 57 -52 84
89
97
-88 -19
10 48
4
81 -66 83 26 -39 -44 -7 -72
5
85
-23 -58
44 -14
7
-67 -83 34 -18 51 -4 43 74 -2 87 -82 -18 -86 -42
28
48
-2 87
17 41
10
-60 55 -60 -25 -50 -75 -40 -95 75 -65 65 -15 55 20 35 45 5 60 -55 70
22
72
-57 -40
-10 -33
10
83 55 86 76 2 88 -10 88 -73 52 -73 49 -58 -38 -37 -68 -4 -62 32 -38
8
45
-31 76
17 10
5
64 -73 82 -88 22 98 -59 41 -35 17
7
79
70 -78
0 17
8
-67 -48 -49 -66 17 -84 71 -54 71 -36 53 -6 5 42 -61 48
33
74
23 24
-3 -20
4
88 41 -19 83 -17 -91 89 -23
40
74
-18 -4
-1 -2
5
-78 -67 -72 -71 76 83 -74 91 -98 81
30
93
-98 81
15 52
3
-44 36 -68 36 34 -90
31
83
-51 15
-6 -32
5
77 21 -43 -19 -53 -89 7 -99 77 -19
1
98
70 -27
43 -15
9
41 81 32 90 -13 99 -76 45 -94 18 -58 -27 -31 -45 50 -27 68 -18
85
90
-76 45
43 35
5
24 -15 6 81 -45 27 -60 -42 -15 -48
76
91
11 -26
-40 15
7
-25 45 -27 38 -39 -19 2 -82 52 -35 87 24 77 41
20
65
-25 45
5 -62
9
-99 44 -94 14 -69 -46 -14 -46 51 24 66 44 71 64 66 74 -69 94
70
98
-87 64
-81 32
4
14 -88 42 -34 20 10 -46 -62
30
61
25 0
-22 -39
9
-12 36 -72 -4 -72 -44 -42 -74 -12 -94 38 -64 58 -44 48 26 28 56
7
44
-45 -71
9 -50
3
-22 40 78 -90 38 60
1
98
-12 27
3 46
8
97 -9 62 56 7 76 -68 -19 -58 -74 -53 -89 12 -79 97 -49
58
74
29 68
66 32
5
51 -72 47 53 1 88 -62 53 -42 -96
32
91
1 88
45 36
5
-94 -41 -34 -61 16 -51 36 -21 6 29
52
91
18 9
-32 -27
3
23 -30 31 -78 95 -14
50
54
41 -26
54 -30
5
-52 -4 -8 -60 92 -96 92 -60 -20 16
17
24
-30 -32
-7 -56
6
81 -86 83 62 37 90 -74 46 -88 7 -24 -55
4
93
-56 -24
76 53
10
72 6 79 83 9 97 -61 97 -68 34 -68 6 -40 -22 -12 -43 2 -50 58 -22
6
27
-68 25
43 -7
6
-72 47 -88 -73 56 -65 24 31 -32 79 -56 63
56
59
-88 -73
-12 -3
9
72 13 57 22 27 25 -75 -8 -72 -59 9 -83 78 -68 81 -62 90 1
3
99
-45 -67
-19 -59
8
-51 -82 59 -82 69 -62 74 -37 49 3 -36 58 -96 53 -86 -32
14
19
-48 57
-67 35
9
-79 22 -16 -50 11 -77 65 -77 83 -59 47 58 29 76 -7 76 -61 67
64
85
35 -77
36 62
8
-62 -62 -30 -62 50 -6 50 34 34 50 -38 34 -86 10 -94 -22
7
34
42 42
-17 17
8
43 -30 53 28 45 58 11 94 -67 98 -37 2 -7 -90 37 -54
66
83
-7 -90
6 51
7
-67 -58 -46 -82 -28 -100 89 -10 35 38 -25 14 -73 -46
2
65
-71 -50
-30 -28
6
-42 98 -62 66 -48 -34 9 -73 89 -28 38 70
41
69
-62 66
32 30
7
41 -5 29 63 -71 67 -91 -25 -83 -89 -27 -69 33 -37
17
88
-86 -2
18 27
7
19 -81 67 -73 83 -25 59 23 35 47 -29 47 -77 -17
72
74
71 -61
-17 7
10
18 -44 24 -38 78 52 84 64 72 70 6 100 -18 82 -72 28 -36 -38 -6 -44
36
69
19 -43
17 9
3
75 37 3 28 -78 -98
10
73
58 22
-27 -30
7
9 61 -45 79 -99 70 -99 16 -81 -92 -27 -38 0 16
20
78
-22 -28
-27 7
3
-45 -90 71 -86 29 34
54
59
42 -87
30 -15
6
7 21 22 -54 32 -64 67 -84 97 -79 57 11
11
61
30 -62
27 -26
5
83 65 89 87 -95 99 -29 15 37 -1
28
66
60 32
26 86
5
94 56 70 76 10 72 -26 -24 14 -4
28
48
-16 -19
36 17
8
-48 63 -18 -9 6 -51 24 -69 66 -75 78 -39 12 81 -6 93
8
51
56 1
-6 -5
10
-78 -67 27 -18 55 24 55 59 48 87 34 94 -29 94 -64 73 -92 10 -92 -67
27
57
-80 37
-75 -64
6
19 12 32 80 -19 52 -71 -31 -41 -57 5 -61
9
37
-71 -31
-7 -17
7
98 -7 98 21 58 41 -38 53 -58 17 -38 -11 2 -27
22
85
66 37
43 12
4
37 -21 28 69 16 84 -5 -30
32
45
23 -24
22 -4
5
-22 -32 50 -44 98 -2 8 34 -16 34
50
60
58 -37
-5 -1
10
55 -90 79 -90 79 -72 73 -60 13 42 -41 78 -59 84 -77 78 -59 24 -47 6
21
71
-64 39
-7 -16
9
-92 91 -64 -41 -4 -61 20 -65 60 -53 72 -49 88 -25 24 63 0 71
25
46
74 -46
-62 -12
3
2 -25 -68 -55 42 -65
50
88
-47 -46
-7 -29
5
-18 -94 11 -59 15 -25 13 54 -41 56
7
89
15 -25
-29 34
10
-30 -91 18 -95 79 -95 88 -8 53 53 -21 80 -41 64 -55 28 -68 -8 -84 -66
2
27
82 -66
8 5
8
-75 -2 -90 -32 -80 -47 -75 -52 85 -32 30 53 10 58 -70 3
7
73
10 58
-86 -37
3
-40 17 100 17 58 87
36
94
94 27
49 47
7
-34 -23 56 -63 81 -28 66 42 61 57 -4 92 -94 52
15
70
48 64
-18 43
9
1 75 -13 79 -81 -19 -79 -25 -75 -31 -39 -47 75 -23 99 -13 83 35
56
72
-75 -31
-19 -28
8
-63 -36 -7 -44 41 -44 49 -4 57 84 41 92 -39 28 -63 -28
34
67
-63 -34
-32 15
4
26 23 61 93 -37 51 -2 -26
5
70
35 41
6 53
4
-16 -41 69 -86 -61 59 -86 84
50
90
18 -59
-59 42
6
-73 35 -64 -91 6 -63 79 4 49 68 -41 75
21
49
-70 -7
5 2
5
18 59 -82 45 -40 21 78 -27 96 45
81
98
-82 45
71 -20
9
74 5 80 49 73 57 -44 100 -77 85 -75 50 -46 -25 4 -54 35 -42
93
98
-44 100
22 23
5
85 29 -13 23 -69 -3 1 -87 91 -85
30
81
-13 23
-20 -28
4
-20 71 40 -89 50 -89 30 -19
82
88
-5 44
34 -38
4
13 -85 51 -89 35 -35 13 -25
9
70
35 -35
32 -46
4
23 79 -97 39 -97 -1 55 55
22
39
31 73
-57 16
9
-96 26 -88 -26 -83 -35 -21 -77 81 20 83 69 57 84 -35 97 -50 91
13
27
81 20
-47 -16
10
5 -59 71 25 77 49 11 73 -55 67 -79 55 -91 43 -85 -5 -19 -53 -7 -59
76
93
60 11
23 4
4
-22 -9 39 -33 -13 31 -82 46
44
97
-82 46
0 0
9
-35 -7 -33 -21 55 1 99 15 87 75 77 85 39 93 -15 67 -33 21
38
81
87 75
25 21
9
-93 -20 -78 -38 79 -90 96 -64 65 7 39 53 -79 42 -92 28 -94 1
59
78
-78 -38
-57 26
10
-2 80 -86 44 -94 36 -86 -46 -74 -76 -32 -56 24 -12 46 10 74 58 40 70
38
49
-4 -34
-49 39
4
-93 71 45 -58 69 -73 -18 59
16
37
-18 59
30 -34
4
-10 72 53 -68 81 -82 25 58
86
96
61 -32
23 33
9
-37 45 -19 -35 -3 -61 7 -75 87 -49 97 35 95 89 75 97 -15 67
73
93
97 35
53 71
9
-59 -14 -35 -59 -5 -77 4 -74 40 -59 88 97 70 100 -56 85 -98 64
42
48
1 -75
55 22
6
-12 98 -50 52 -98 -80 82 -84 86 -74 6 92
21
89
-98 -80
5 -69
5
-15 21 -45 39 -27 -27 33 -93 45 -21
61
70
-17 -38
4 -12
3
-48 6 -41 -57 85 -78
18
78
31 -69
-33 -20
10
86 9 94 93 6 95 -66 53 -84 13 -86 -5 -90 -75 -76 -89 -32 -91 30 -55
14
80
-66 53
43 35
3
-59 -9 -11 -65 13 31
2
23
5 -1
8 21
8
-60 66 -100 11 -75 -64 -65 -74 -25 -84 35 -39 85 6 15 56
19
80
64 21
-74 -47
3
-67 9 11 27 -25 63
20
29
-1 39
-4 25
7
0 73 -20 83 -100 13 -90 3 -40 -7 20 13 60 33
61
96
33 51
-40 0
9
-44 -58 -24 -48 46 -8 66 22 76 62 66 72 -34 82 -94 52 -74 -8
36
52
-40 79
0 35
10
18 92 9 98 -18 89 -36 77 -75 5 -72 -85 -15 -73 48 -55 93 11 63 56
15
81
-53 -81
-17 -40
3
-55 -63 22 28 -20 -14
26
43
11 15
-19 -15
6
-77 -39 -35 -46 -14 -11 -7 10 -35 52 -70 38
13
74
-65 -41
-23 17
8
28 -25 49 -11 84 31 -42 59 -84 52 -77 -25 -63 -81 -28 -60
14
35
-82 30
-25 -16
3
48 6 -15 51 -24 33
34
76
-20 41
-14 42
10
-33 -34 -6 -43 12 -43 39 -34 75 11 75 65 21 92 -87 56 -87 38 -78 2
19
49
-85 30
-71 53
8
-48 58 -78 10 -88 -100 28 -70 90 -38 100 -16 72 70 36 68
36
75
36 68
80 34
6
-60 70 -83 -64 61 -62 89 -13 95 18 88 93
6
63
88 93
-65 -56
3
69 -72 -72 0 -81 -60
77
99
-72 0
-27 -35
8
30 4 -14 88 -18 92 -50 24 -38 0 -26 -16 6 -12 30 -8
11
50
12 -11
6 38
3
-24 70 26 -72 74 -44
4
100
1 -1
5 17
10
-86 29 -44 -62 12 -55 33 -6 40 43 26 92 -37 99 -72 92 -79 78 -86 43
3
63
40 43
-21 -44
3
-25 40 -19 34 95 -14
18
90
19 18
1 26
9
-54 -71 54 -59 90 -29 36 73 9 85 -27 94 -75 43 -78 25 -60 -56
42
63
-54 -71
16 -18
5
-15 25 -24 -2 -3 -68 60 46 45 82
7
34
25 63
36 33
6
-65 36 -57 -28 -33 -60 23 -60 23 4 7 60
64
89
23 -24
16 -18
3
-93 -11 -57 -38 6 7
6
87
-71 -7
-45 -4
8
27 -99 97 -69 97 6 37 76 -68 36 -73 26 -83 -29 -78 -74
22
83
-68 36
27 -19
9
-17 53 -41 32 -59 14 -62 -31 -47 -64 4 -52 49 -40 73 -25 58 47
22
29
-47 -64
-19 34
5
60 -14 -66 -14 -73 -35 -3 -84 11 -77
32
72
46 -32
24 -37
4
-85 -84 14 24 23 78 -85 24
65
67
14 24
-14 38
9
74 54 33 70 -20 76 -50 39 -66 13 -73 -31 -61 -60 -37 -70 41 -88
37
67
-24 -73
-32 -33
3
-37 -58 89 32 -46 59
33
93
-40 -19
-40 53
8
48 -64 54 -43 84 95 -48 50 -99 11 -93 -28 -30 -61 0 -64
59
65
24 -64
-86 -20
7
-9 -71 47 17 39 61 -41 69 -93 45 -77 -43 -37 -67
37
66
41 50
-24 1
6
72 -88 82 -23 72 42 -23 12 -53 -8 -93 -88
77
84
-44 -2
-39 -35
4
-88 -33 74 -87 80 3 -76 15
34
86
-37 12
-1 6
6
40 36 -2 66 -62 54 -92 -18 -38 -72 46 0
17
20
39 -6
-26 41
3
54 14 -44 -28 26 -77
56
95
30 -64
22 -13
8
-52 34 -38 -57 25 -71 67 -36 88 13 25 55 -31 83 -45 55
31
44
67 -36
-39 43
8
-45 92 -67 -16 -71 -48 -47 -50 19 -36 69 8 77 60 5 80
40
47
-47 -50
-33 -21
4
-93 36 -93 26 7 -14 67 6
46
95
52 1
-2 13
10
80 2 82 28 6 70 -36 86 -80 64 -100 46 -58 -38 -38 -42 20 -52 56 -56
19
60
6 70
-18 63
8
16 -85 38 -33 46 5 -50 59 -64 -23 -70 -63 -46 -79 10 -99
20
78
16 -85
4 -37
9
89 43 59 61 32 67 -49 82 -91 43 -94 -41 -13 -80 17 -83 71 -86
19
67
89 43
7 35
5
-46 -8 -62 -32 -38 -72 -6 -32 -14 8
5
68
-41 -67
-14 3
6
29 -78 73 -94 93 -54 45 58 -27 30 -67 -34
12
60
84 -33
77 -80
7
-67 6 -67 -2 -43 -26 77 -66 45 78 13 86 -27 94
49
65
71 -39
-4 -11
7
20 47 -50 77 -80 67 -70 -13 10 -43 60 -23 60 27
23
66
60 -10
22 5
6
-77 -35 -59 -57 -20 -96 46 -96 18 -51 -60 57
14
23
-77 -35
-53 12
5
90 -78 96 -69 89 -50 33 28 -40 80
4
42
33 28
52 -27
5
84 -98 75 69 -14 36 -93 -23 -22 -85
55
84
-14 36
33 -61
7
-45 45 -15 -25 75 -5 55 35 45 45 -5 75 -35 85
21
89
-20 80
8 40
4
11 -69 67 91 -37 99 -69 75
24
35
54 92
-59 71
3
7 51 -15 55 -31 5
21
79
7 51
-4 50
6
-86 -4 -16 -84 64 -84 64 6 44 16 -16 36
20
60
2 30
27 -9
7
91 -83 91 -68 43 13 -31 15 -63 2 -55 -32 -41 -46
13
22
-43 -44
33 -23
7
-68 -12 -3 -72 67 38 67 63 57 83 -28 33 -78 3
1
95
67 47
12 51
9
-54 78 -78 54 -90 -46 10 -74 74 -70 94 -42 86 6 18 70 -34 78
24
91
86 6
-54 52
4
73 -6 -32 54 -67 -82 44 -98
27
29
44 -98
-10 -45
5
-44 -10 -74 -75 56 5 86 80 16 70
16
75
-9 -35
36 54
9
-34 -47 28 -85 52 -43 34 13 16 51 -24 59 -60 27 -66 21 -60 -7
46
95
-60 -7
15 -30
3
-37 41 -92 -89 28 76
45
46
-24 48
1 56
3
43 -39 69 65 -5 81
42
53
-5 81
32 8
9
-94 -12 -94 -17 -59 -82 11 -87 56 -67 81 -32 26 23 -54 18 -69 8
6
74
-69 8
-28 -55
6
91 -47 42 51 -35 65 -35 58 -14 -75 77 -96
81
92
64 -93
11 18
7
-84 -11 -19 19 21 44 6 54 -44 79 -59 79 -79 69
64
87
-84 -11
-9 37
10
20 63 -25 81 -88 45 -97 9 -25 -54 2 -72 47 -36 56 -9 47 18 29 54
27
35
-97 9
13 4
3
-5 66 -31 -1 65 3
29
44
65 3
7 54
9
-84 71 -68 -9 -40 -59 8 -77 100 -49 100 -29 84 1 -66 87 -84 75
2
24
-54 -34
-3 -58
7
41 -54 77 0 71 30 38 18 -28 -9 -40 -39 -25 -99
30
76
-32 -19
-9 -2
4
71 27 23 -13 -9 -85 79 -45
3
86
29 -8
32 -47
8
-6 62 -16 62 -46 52 -56 12 -16 -48 24 -58 54 -18 34 12
46
98
4 -53
9 -25
9
46 -44 76 36 86 76 36 86 6 86 -44 26 -74 -34 -44 -54 -4 -74
14
86
-14 62
49 -11
5
-89 50 -57 -38 47 -78 71 -22 -49 50
10
56
-59 50
-38 10
9
78 19 27 49 -33 67 -81 52 -84 -32 -33 -59 51 -71 90 -44 87 4
12
61
90 -44
74 -28
5
70 70 -38 97 -56 -11 7 -47 25 -29
50
62
-41 79
35 60
7
42 -49 92 29 80 39 -30 89 -54 53 -92 -97 -30 -99
19
36
-92 -97
-51 53
3
-77 70 -86 -14 10 1
50
54
-48 47
0 5
9
15 -76 61 -80 55 40 35 54 -13 62 -39 52 -41 50 -33 28 -19 -4
15
58
17 57
-17 49
6
44 4 9 53 -12 81 -33 53 44 -45 86 -66
10
75
53 -11
46 -27
8
-24 -76 8 -72 68 -40 96 16 100 68 -8 80 -36 52 -52 0
61
73
-28 60
-5 50
10
36 -80 18 -53 -18 -8 -81 28 -90 28 -99 10 -90 -53 -45 -98 -36 -98 9 -89
13
62
-93 22
-59 -7
3
16 -66 52 -78 -38 84
30
31
-2 -16
16 -34
7
69 55 49 79 -31 95 -79 55 -99 15 -99 -53 85 11
10
26
-1 89
-81 -2
10
-84 -49 21 -82 75 -58 93 -10 93 83 72 86 12 71 -12 59 -57 23 -72 -16
86
100
20 73
59 12
8
-72 -71 36 -89 54 -80 90 28 81 55 -63 -8 -72 -17 -81 -44
67
73
-72 -71
-10 -31
3
16 -49 -60 83 -96 67
5
91
-78 75
-33 6
7
-2 -81 47 -11 -2 59 -23 73 -37 80 -65 45 -44 -74
60
66
-32 -76
-8 -57
3
45 11 -27 -16 45 -88
5
88
-3 -7
17 -27
3
-13 -87 57 63 -3 23
88
89
57 63
25 3
3
-45 -66 45 66 -3 18
80
89
30 44
9 24
7
58 9 -22 89 -46 65 -46 1 -38 -15 2 -39 74 -55
9
56
20 -43
-18 21
10
-34 -46 -14 -91 16 -76 51 -46 46 49 1 79 -24 89 -49 84 -69 79 -54 19
10
11
51 -46
25 5
5
-55 -21 -83 -84 -6 -63 85 42 -6 70
45
50
7 -48
74 36
10
42 -33 57 22 57 32 12 62 -53 62 -93 32 -88 -63 -63 -68 -33 -63 32 -48
4
55
-36 62
-7 42
8
-12 96 -51 81 -69 69 -99 -9 -99 -57 -39 -66 -21 -66 12 30
14
60
-69 69
-61 -41
7
-22 -30 -10 -36 98 63 53 99 -61 96 -79 54 -55 3
6
95
-40 -12
6 -3
8
55 -14 27 58 -33 86 -97 34 -37 -22 -5 -50 51 -54 63 -46
32
84
-65 60
-14 -16
6
93 -82 21 -1 12 8 -24 -10 -6 -55 84 -91
88
100
-8 -2
10 -10
4
56 57 2 63 -70 9 20 15
24
52
20 61
28 25
4
4 75 -68 39 -8 -57 94 99
11
70
-58 44
-60 33
9
-36 -87 -26 -92 19 -47 29 -17 -36 58 -56 68 -91 68 -66 -32 -46 -77
5
24
-72 -8
-18 -27
6
-80 -27 -14 -93 52 -99 88 -27 76 27 -26 57
61
92
66 -71
-36 18
9
-25 -82 50 -97 80 -67 95 -2 65 33 50 38 30 38 0 13 -20 -22
38
83
83 -54
62 -34
6
22 -66 42 -14 58 54 -58 -34 -74 -74 -30 -82
30
43
9 -70
-14 -43
9
-81 -78 -54 -89 26 -35 46 -19 41 9 -29 71 -45 76 -55 73 -79 7
60
97
-29 71
-63 -70
6
-28 26 -46 -1 -55 -73 71 -19 80 62 -10 35
26
71
76 26
25 16
4
20 -40 -94 52 -60 -24 26 -70
13
69
-17 -47
-34 -16
4
-11 -44 27 96 -81 -22 -61 -58
10
30
-36 -51
-8 46
10
-77 84 -81 64 -81 48 -65 -2 -53 -30 11 -32 85 -20 79 70 29 88 -59 92
43
92
11 -32
-11 14
6
7 2 -73 -58 -65 -70 -13 -66 3 -54 35 2
59
63
35 2
-67 -64
3
-71 -24 29 -54 9 46
58
78
-51 -30
-7 26
7
-77 18 -97 -14 -37 -82 3 -78 43 -66 63 14 27 26
19
37
-52 -65
-60 17
8
-37 -54 3 -86 35 -98 47 -10 11 70 -69 50 -97 30 -89 -10
6
55
38 -76
-34 33
10
-36 -75 69 -96 83 -96 90 -89 90 9 76 37 48 51 27 51 -1 23 -43 -26
32
66
54 48
-5 -13
4
28 -15 68 35 68 45 -62 -65
35
37
40 0
-12 -36
3
-63 33 -27 -48 9 -48
13
82
-22 -48
-51 16
10
44 90 4 76 -78 31 -81 21 -71 -67 13 -86 46 -71 81 -16 86 20 85 29
61
80
44 90
45 -1
8
73 85 63 87 -17 85 -76 54 -98 -63 -44 -60 22 -7 36 6
3
96
36 6
-63 -32
5
91 80 -61 56 -81 -24 -81 -32 51 -84
38
74
-81 -27
-22 -45
4
-73 -24 -25 -60 65 -6 -79 30
64
98
9 8
-54 3
8
68 -39 76 -21 58 49 -52 -19 -90 -57 -64 -93 -34 -89 58 -47
42
98
3 15
7 -8
3
93 51 -2 53 -54 -63
7
95
44 13
-2 45
9
-60 75 -60 -15 -45 -45 -30 -50 65 -65 65 -5 60 30 30 45 -55 85
56
94
46 37
-37 74
10
-76 -72 -73 -93 53 -93 68 -84 89 -69 80 -51 41 -12 -4 27 -40 36 -76 -42
54
74
-76 -72
-53 -42
5
-40 17 -55 -13 -58 -79 35 -70 8 62
20
53
35 -70
27 -40
5
-48 22 -80 14 -16 -58 48 -26 -8 14
4
59
2 -49
4 3
5
-51 2 -60 -34 -15 -79 48 -7 -15 11
29
31
13 3
-42 -9
5
9 -40 61 -36 25 56 -35 88 -91 24
75
80
52 -13
16 52
10
-37 -53 -19 -87 19 -91 31 -81 69 -27 75 -7 87 37 -7 73 -23 77 -89 67
1
11
-37 -53
26 -17
7
85 -11 1 89 -23 93 -55 65 -67 -43 -19 -51 21 -51
31
94
29 -46
3 -30
8
-56 -23 -60 -35 -16 -47 32 -35 72 -23 84 9 88 49 84 53
22
34
62 -26
31 -22
4
38 6 59 41 -18 6 -53 -78
50
75
38 6
4 -23
3
-7 77 71 -49 23 89
32
46
8 83
11 84
5
-68 -94 -28 -80 90 14 98 90 -92 -16
26
62
-28 -80
56 -6
6
-63 16 15 -44 57 -56 63 -38 69 -14 -63 70
35
60
62 -41
53 -26
7
-64 15 20 -51 26 -51 86 -9 92 21 26 63 -70 33
38
47
-65 18
63 -15
4
-84 84 -90 -30 54 -66 -27 84
7
24
-86 46
-10 46
5
41 -3 71 67 -29 67 -69 -63 -9 -43
39
81
-51 -57
36 33
7
-42 -18 -12 -33 63 9 15 33 -21 45 -45 24 -45 -3
18
64
-42 -18
-23 26
3
57 -98 -15 38 -27 46
53
71
15 -26
16 -23
3
-62 -40 22 62 -74 -10
17
36
-38 17
-52 -5
4
2 -13 -22 -93 42 -77 58 27
95
96
-16 -73
14 -25
8
-59 18 -80 6 -98 -66 -56 -78 1 -90 70 -60 88 6 13 42
4
38
1 -90
-49 -53
6
49 34 37 84 -83 66 -93 8 51 -64 65 -56
46
90
43 59
33 17
10
69 -61 97 -23 98 47 95 49 90 51 -21 -39 -72 -88 -72 -94 -47 -98 18 -99
37
75
97 -23
36 0
6
-53 56 -63 -94 37 -9 72 36 77 51 12 61
22
85
-63 -94
-6 47
4
81 -47 81 -38 -63 25 36 -38
19
80
-63 25
22 -27
4
57 -19 73 85 -39 85 -63 5
31
100
65 33
8 52
8
-46 69 -74 1 -52 -21 46 -85 80 -51 96 47 -8 91 -28 95
8
22
80 -51
59 -61
8
-96 -39 -24 -69 75 -81 84 -75 69 36 18 42 -36 39 -84 -12
31
61
-18 40
-64 -47
6
-33 27 -60 0 -78 -63 -69 -81 -33 -72 48 72
6
58
-33 -72
15 33
9
-89 -84 -77 -100 51 -68 99 -52 99 -36 95 -24 67 44 -17 88 -53 36
52
95
-17 88
-51 -48
9
-72 83 -80 -5 -80 -37 -56 -61 8 -69 24 -69 32 -29 -16 83 -40 91
78
99
-60 -57
-71 30
10
-21 -24 28 -52 49 -52 84 -38 63 53 35 60 -21 67 -49 67 -63 32 -28 -17
6
100
31 -52
67 13
10
29 74 -10 62 -82 -70 -94 -94 11 -97 38 -82 68 -64 71 -16 68 50 65 77
80
84
70 6
-29 -2
5
52 -10 49 88 48 95 -50 -15 37 -59
27
57
49 88
44 89
4
21 82 -35 47 49 -58 77 82
55
57
48 82
63 18
10
-48 -19 -20 -75 1 -89 92 -33 99 -19 99 9 71 51 29 65 -41 72 -48 23
62
96
-43 58
64 20
6
21 -5 -32 55 -75 -19 -83 -38 -83 -41 -62 -90
5
32
-83 -38
-7 -12
6
-84 -8 -20 -64 36 -8 4 64 -20 72 -84 0
10
89
-14 -58
-32 -39
9
15 53 -65 43 -65 -57 -45 -67 -25 -67 55 -37 65 -27 65 3 35 43
5
48
47 27
39 6
4
-44 100 -35 40 22 -77 91 85
6
89
68 31
14 3
6
-66 30 -74 -74 -42 -90 2 -68 62 -22 -44 76
34
93
-44 76
8 -42
4
-9 94 -13 -16 71 -22 95 38
30
77
-11 39
49 17
5
76 -82 -50 68 -38 -40 -14 -58 46 -82
19
72
76 -82
-17 -3
10
-40 86 -70 76 -70 46 -60 6 -40 -34 -10 -64 20 -74 70 46 60 66 -30 86
65
76
-42 -30
-44 32
10
51 17 61 77 -29 67 -99 7 -99 -3 -79 -53 -39 -83 -29 -83 1 -63 41 -13
85
90
-43 55
25 18
8
86 -50 68 16 23 91 8 55 -1 13 8 -44 68 -68 92 -77
24
90
2 -6
23 -13
0
